157

4 47 73 
11 14 52 54 11 1 
11 1 101 99 25 9 
11 150 142 43 4 
11 150 31 9 34 
11 15 61 
17 18 29 45 
17 44 154 157 33 6 
17 44 154 30 26 26 
17 101 99 25 5 
17 42 194 
20 18 29 11 
20 9 8 54 21 
20 9 109 149 1 2 
20 79 80 157 33 13 
20 79 68 18 
20 18 170 
22 26 147 7 18 
22 149 1 39 
22 4 115 
25 26 147 7 22 
25 8 200 
36 32 38 48 
36 35 50 51 71 2 
36 35 50 13 13 
36 3 122 
37 42 78 62 30 
37 42 43 3 31 9 7 
37 42 43 3 100 99 25 5 
37 42 43 3 100 149 1 1 
37 42 33 58 52 1 
37 27 95 
46 40 51 71 1 
46 40 72 17 21 
46 40 65 55 17 
46 45 66 35 
46 50 83 
49 50 13 30 
49 51 71 15 
49 135 5 11 
49 55 54 11 25 
49 30 26 39 
49 133 132 134 57 2 
49 35 130 
56 52 54 11 2 
56 53 54 11 15 
56 54 11 6 
56 87 45 30 
56 56 163 
57 41 65 55 10 
57 41 63 6 23 
57 58 52 4 
57 59 59 21 
57 48 21 33 
57 5 0 63 6 11 
57 33 58 52 13 
57 33 120 31 7 
57 16 90 99 25 4 
57 16 90 98 23 7 
57 16 73 72 17 16 
57 8 54 2 
57 53 113 
60 63 6 28 
60 48 98 
61 92 127 0 3 
61 94 90 98 23 9 
61 94 90 87 45 3 
61 94 92 127 0 8 
61 94 92 121 120 31 6 
61 94 92 121 2 22 
61 94 142 43 1 
61 94 129 30 1 
61 79 68 24 
61 37 62 
66 67 49 35 
66 68 67 49 12 
66 92 121 2 20 
66 92 105 59 59 3 
66 41 63 6 3 
66 54 11 15 
66 9 109 149 1 12 
66 70 94 
69 39 54 11 9 
69 14 73 
77 71 76 75 61 1 
77 71 142 43 4 
77 71 59 59 1 
77 72 17 21 
77 74 72 17 3 
77 74 75 61 1 
77 74 76 75 61 10 
77 75 61 11 
77 3 100 149 1 1 
77 62 48 21 21 
77 65 55 
81 83 58 38 
81 84 83 58 11 
81 84 10 30 
81 36 101 
85 83 58 41 
85 84 10 49 
85 16 103 
89 87 45 35 
89 150 31 9 8 
89 44 192 
97 2 142 43 19 
97 2 48 21 4 
97 2 100 149 1 4 
97 129 30 16 
97 39 94 
103 105 59 59 21 
103 46 134 
106 105 59 59 20 
106 107 20 38 
106 64 118 
108 91 120 31 4 
108 67 80 
114 41 103 
123 122 124 69 2 
123 122 83 58 7 
123 32 79 
126 124 69 6 
126 125 91 120 31 6 
126 125 76 75 61 5 
126 5 0 63 6 5 
126 5 7 73 72 17 15 
126 5 7 73 75 61 21 
126 5 146 147 7 8 
126 24 168 
128 127 0 13 
128 93 134 57 31 
128 1 101 99 25 10 
128 1 30 26 14 
128 38 134 57 6 
128 22 145 
131 34 55 
137 40 74 
139 135 5 25 
139 136 135 5 4 
139 51 119 
140 135 5 37 
140 136 135 5 24 
140 104 107 20 14 
144 145 147 7 7 
144 60 49 
148 147 7 30 
148 44 154 30 26 6 
148 12 48 
155 157 33 8 
155 92 105 59 59 2 
155 92 109 149 1 1 
155 129 30 28 
155 21 109 149 1 11 
155 63 100 
159 158 19 31 
159 75 61 4 
159 28 40 
